lastAccountName: LillaTussilago
timestamps:
  login: 1509678273619
  lastteleport: 1509678707968
  logout: 1509678836965
ipAddress: 46.59.108.154
lastlocation:
  world: world2
  x: -266.5883017401509
  y: 65.0625
  z: 71.80975396493085
  yaw: 3.358744
  pitch: 0.62069416
money: '499.0'
logoutlocation:
  world: world2
  x: -271.76605613559894
  y: 65.0625
  z: 89.28221103526631
  yaw: 238.55946
  pitch: 4.8206873
