lastAccountName: bromull
timestamps:
  login: 1510179075041
  logout: 1510179332741
ipAddress: 75.190.212.196
lastlocation:
  world: world2
  x: -267.11037775770205
  y: 68.0
  z: 92.07237953413104
  yaw: 16.096924
  pitch: 13.65
money: '379.50'
logoutlocation:
  world: world
  x: 6929.517404502281
  y: 65.0
  z: 8878.387989344155
  yaw: -88.82047
  pitch: 18.511337
