lastAccountName: Litova___27
timestamps:
  login: 1510768450651
  logout: 1510768632062
ipAddress: 93.72.59.39
lastlocation:
  world: world2
  x: -267.11037775770205
  y: 68.0
  z: 92.07237953413104
  yaw: 16.096924
  pitch: 13.65
logoutlocation:
  world: world2
  x: -289.07695487605145
  y: 64.9375
  z: 98.07451687033245
  yaw: 186.45299
  pitch: 13.160383
