lastAccountName: MustacheMaster91
timestamps:
  login: 1509679833622
  lastteleport: 1509679872715
  logout: 1509680061749
ipAddress: 108.253.48.130
lastlocation:
  world: world2
  x: -263.1995454258992
  y: 65.0
  z: 73.0934345539348
  yaw: -68.27098
  pitch: 2.4217076
logoutlocation:
  world: world2
  x: -266.5006319722989
  y: 65.0625
  z: 86.39770117216842
  yaw: -145.91174
  pitch: 10.484407
