lastAccountName: Impatience_
timestamps:
  login: 1510180475680
  logout: 1510180610642
ipAddress: 108.227.255.101
lastlocation:
  world: world2
  x: -267.11037775770205
  y: 68.0
  z: 92.07237953413104
  yaw: 16.096924
  pitch: 13.65
logoutlocation:
  world: world2
  x: -291.2211774901099
  y: 65.0
  z: 102.68006653978564
  yaw: 89.75874
  pitch: 34.820694
