lastAccountName: PokemonChamp_Red
timestamps:
  login: 1510422905616
  logout: 1510422970703
ipAddress: 73.139.27.222
lastlocation:
  world: world2
  x: -267.11037775770205
  y: 68.0
  z: 92.07237953413104
  yaw: 16.096924
  pitch: 13.65
logoutlocation:
  world: world2
  x: -289.5159543838534
  y: 64.9375
  z: 101.58291626742161
  yaw: 343.85782
  pitch: 17.009796
