lastAccountName: LLoco2000
timestamps:
  login: 1510349076436
  logout: 1510349163576
ipAddress: 95.61.170.116
lastlocation:
  world: world2
  x: -267.11037775770205
  y: 68.0
  z: 92.07237953413104
  yaw: 16.096924
  pitch: 13.65
money: '500.0'
logoutlocation:
  world: world2
  x: -311.066046421393
  y: 64.9375
  z: 132.68734303990055
  yaw: -100.87069
  pitch: 19.46089
