lastAccountName: UNLIMITED_MYSTIC
timestamps:
  login: 1510238663293
  lastteleport: 1510238693260
  logout: 1510239907148
ipAddress: 68.235.72.32
lastlocation:
  world: world2
  x: -297.48086415760685
  y: 65.0
  z: 87.2873538337361
  yaw: 96.80874
  pitch: 7.3707004
money: '498.50'
logoutlocation:
  world: world2
  x: -327.3650314724043
  y: 69.0
  z: 115.12458350922941
  yaw: 150.80753
  pitch: -19.779303
