lastAccountName: Moshi
timestamps:
  login: 1509757350024
  logout: 1509757385756
ipAddress: 47.144.72.191
lastlocation:
  world: world2
  x: -267.11037775770205
  y: 68.0
  z: 92.07237953413104
  yaw: 16.096924
  pitch: 13.65
logoutlocation:
  world: world2
  x: -289.3565455546482
  y: 64.9375
  z: 103.34067238418189
  yaw: 107.75875
  pitch: 3.9207015
