lastAccountName: The_Electro_
timestamps:
  login: 1509880867059
  lastteleport: 1509880983734
  logout: 1509881247470
ipAddress: 5.89.148.137
lastlocation:
  world: world2
  x: -266.5
  y: 65.0
  z: 70.5
  yaw: 0.058744915
  pitch: -0.87930554
money: '500.0'
logoutlocation:
  world: world
  x: -8444.560086023432
  y: 85.0
  z: 10364.147952455876
  yaw: 0.30044532
  pitch: -37.950005
