lastAccountName: Aeternum
timestamps:
  login: 1511188838171
ipAddress: 71.228.150.160
lastlocation:
  world: hub
  x: -1886.527344593058
  y: 10.243254780987318
  z: 2036.6156757549165
  yaw: 2.923635
  pitch: 21.900005
