world: world2
x: -225.4613128954412
y: 82.0
z: 132.90639464241767
yaw: 0.6008911
pitch: 0.75248295
name: Spleef
