world: world
x: -9565.516363080746
y: 70.0625
z: 1704.0113111122623
yaw: -89.84116
pitch: -0.4500171
name: townyplay
