world: world
x: 7162.5
y: 71.0
z: 4715.5
yaw: -13.800001
pitch: 9.299949
name: wild
