world: world2
x: -302.48072433966087
y: 65.0
z: 76.52037059835553
yaw: 180.65479
pitch: 1.4999937
name: Shop
