lastAccountName: pastelcadet
timestamps:
  login: 1509945702660
  lastteleport: 1509946291987
  logout: 1509946352332
ipAddress: 101.173.225.134
lastlocation:
  world: world2
  x: -266.5058208307628
  y: 65.0
  z: 70.52122329693287
  yaw: 3.508745
  pitch: 9.920693
money: '495.50'
homes:
  home:
    world: world
    x: -7250.148677392054
    y: 71.0
    z: -8348.500641671764
    yaw: -265.6502
    pitch: 23.700039
logoutlocation:
  world: world
  x: -7243.591841596541
  y: 72.0
  z: -8366.868315968864
  yaw: -144.00021
  pitch: 22.350033
