lastAccountName: DiamondAwesome10
timestamps:
  login: 1509909368778
  lastteleport: 1509907777985
  logout: 1509909400238
ipAddress: 99.236.216.76
lastlocation:
  world: world
  x: -1643.699999988079
  y: 5.0
  z: 8110.347211895976
  yaw: -71.91051
  pitch: 29.25004
money: '499.0'
logoutlocation:
  world: world2
  x: -211.66237486876892
  y: 82.0
  z: 132.5793599706081
  yaw: 87.087006
  pitch: -2.1000009
