lastAccountName: Rothorin
timestamps:
  login: 1510693792530
  logout: 1510693890282
ipAddress: 24.11.53.62
lastlocation:
  world: world2
  x: -267.11037775770205
  y: 68.0
  z: 92.07237953413104
  yaw: 16.096924
  pitch: 13.65
money: '0.0'
logoutlocation:
  world: world2
  x: -300.01970997618446
  y: 65.0625
  z: 63.02302798309462
  yaw: 344.76294
  pitch: 45.749992
