lastAccountName: Krarup93
timestamps:
  login: 1510169106908
  logout: 1510169618207
ipAddress: 213.65.29.16
lastlocation:
  world: world2
  x: -267.11037775770205
  y: 68.0
  z: 92.07237953413104
  yaw: 16.096924
  pitch: 13.65
logoutlocation:
  world: world2
  x: -270.8560568119684
  y: 65.0
  z: 70.36322729201282
  yaw: -44.23925
  pitch: 2.9920814
