lastAccountName: Enderisss
timestamps:
  login: 1509745422094
  logout: 1509744618453
ipAddress: 62.80.225.174
lastlocation:
  world: world2
  x: -267.11037775770205
  y: 68.0
  z: 92.07237953413104
  yaw: 16.096924
  pitch: 13.65
money: '0.0'
logoutlocation:
  world: world2
  x: -267.9586292943699
  y: 64.9375
  z: 144.58026619471732
  yaw: -112.95809
  pitch: 46.550037
