lastAccountName: Glitchee
timestamps:
  login: 1509812074763
  logout: 1509812078761
ipAddress: 100.7.26.37
lastlocation:
  world: world2
  x: -267.11037775770205
  y: 68.0
  z: 92.07237953413104
  yaw: 16.096924
  pitch: 13.65
money: '0'
logoutlocation:
  world: world2
  x: -288.90679906533876
  y: 65.0
  z: 92.75153244828348
  yaw: -247.44084
  pitch: 16.370684
