lastAccountName: Tre_
timestamps:
  login: 1510151835441
  logout: 1510152448067
ipAddress: 108.20.193.138
lastlocation:
  world: world2
  x: -267.11037775770205
  y: 68.0
  z: 92.07237953413104
  yaw: 16.096924
  pitch: 13.65
money: '480.0'
logoutlocation:
  world: world2
  x: -332.0212107864489
  y: 73.0
  z: 150.71366294279852
  yaw: 33.87732
  pitch: 20.049414
