lastAccountName: AquaBlastX
timestamps:
  login: 1510462290251
  logout: 1510462816784
ipAddress: 172.73.226.210
lastlocation:
  world: world2
  x: -267.11037775770205
  y: 68.0
  z: 92.07237953413104
  yaw: 16.096924
  pitch: 13.65
money: '500.0'
logoutlocation:
  world: world
  x: 14045.127843590706
  y: 81.0
  z: -8492.603880941218
  yaw: 163.49683
  pitch: 9.299902
