lastAccountName: Fintaxamar
timestamps:
  login: 1510424667287
  logout: 1510424728546
ipAddress: 31.54.54.180
lastlocation:
  world: world2
  x: -267.11037775770205
  y: 68.0
  z: 92.07237953413104
  yaw: 16.096924
  pitch: 13.65
logoutlocation:
  world: world2
  x: -266.89943426478976
  y: 65.0625
  z: 80.41670697139294
  yaw: 175.40904
  pitch: 1.3706915
