lastAccountName: LucrativeYT
timestamps:
  login: 1509765220048
  logout: 1509764754672
  lastteleport: 1509763968727
ipAddress: 162.233.86.79
lastlocation:
  world: world
  x: -7254.0
  y: 67.0
  z: 4914.0
  yaw: -0.15
  pitch: 0.0
money: '460.0'
logoutlocation:
  world: world
  x: 10142.699999988079
  y: 70.0
  z: 14392.300000011921
  yaw: -338.99945
  pitch: -16.499996
