lastAccountName: AugustCaanay
timestamps:
  login: 1509687860272
  logout: 1509687909670
ipAddress: 122.61.108.179
lastlocation:
  world: world2
  x: -267.11037775770205
  y: 68.0
  z: 92.07237953413104
  yaw: 16.096924
  pitch: 13.65
money: '500.0'
logoutlocation:
  world: world2
  x: -263.1837824657517
  y: 65.0625
  z: 71.00359184599465
  yaw: -88.88712
  pitch: -5.126725
