lastAccountName: Joheen90
timestamps:
  login: 1510759149551
  lastteleport: 1510674747234
  logout: 1510702667555
  kits:
    tools: 1509998332083
ipAddress: 83.253.136.45
lastlocation:
  world: world2
  x: -267.0429560359108
  y: 65.0625
  z: 84.22827378007531
  yaw: 11.158744
  pitch: 4.670694
money: '2986.50'
logoutlocation:
  world: world2
  x: -209.9345657009631
  y: 196.0
  z: 147.1952863388549
  yaw: 167.85002
  pitch: 9.299997
