lastAccountName: Jossepipis
timestamps:
  login: 1510178904462
  logout: 1510182498948
ipAddress: 85.229.49.234
lastlocation:
  world: world
  x: 10998.5
  y: 63.0
  z: -5076.5
  yaw: -108.28478
  pitch: 20.779863
money: '300.0'
logoutlocation:
  world: world
  x: 11003.5
  y: 63.0
  z: -5080.5
  yaw: -99.58496
  pitch: 23.32987
