lastAccountName: iantit
timestamps:
  login: 1510441180115
  logout: 1510442868675
ipAddress: 47.184.54.86
lastlocation:
  world: world2
  x: -267.11037775770205
  y: 68.0
  z: 92.07237953413104
  yaw: 16.096924
  pitch: 13.65
money: '500.0'
logoutlocation:
  world: world
  x: 8255.658413422825
  y: 63.0
  z: -9386.933541972518
  yaw: 187.6501
  pitch: 10.349994
