lastAccountName: AquaZelos
timestamps:
  login: 1510776980210
  logout: 1510777590172
ipAddress: 101.162.151.10
lastlocation:
  world: world2
  x: -267.11037775770205
  y: 68.0
  z: 92.07237953413104
  yaw: 16.096924
  pitch: 13.65
money: '0'
logoutlocation:
  world: world
  x: 7116.7242320299565
  y: 69.0
  z: 4895.029737113789
  yaw: -87.749725
  pitch: 21.000021
