lastAccountName: Linabern02
timestamps:
  login: 1509994067850
  logout: 1509994690234
ipAddress: 185.190.147.140
lastlocation:
  world: world2
  x: -267.11037775770205
  y: 68.0
  z: 92.07237953413104
  yaw: 16.096924
  pitch: 13.65
money: '427.00'
logoutlocation:
  world: world2
  x: -298.30848769277003
  y: 66.0
  z: 222.53999724755988
  yaw: -260.19046
  pitch: 8.700078
