lastAccountName: Deadway91
timestamps:
  login: 1510759198493
  lastteleport: 1510519951107
  logout: 1510762679481
ipAddress: 83.253.136.45
lastlocation:
  world: world
  x: 7168.380052528485
  y: 71.0
  z: 4722.405015894589
  yaw: -64.69835
  pitch: 12.468176
afk: false
money: '3626.0'
logoutlocation:
  world: world2
  x: -293.5684679341164
  y: 65.0
  z: 89.92509898320789
  yaw: -76.81128
  pitch: 18.39242
nickname: Blixtkatt
