lastAccountName: Chatrobert
timestamps:
  login: 1510168462259
  logout: 1510168606223
ipAddress: 80.112.95.30
lastlocation:
  world: world2
  x: -267.11037775770205
  y: 68.0
  z: 92.07237953413104
  yaw: 16.096924
  pitch: 13.65
logoutlocation:
  world: world2
  x: -270.1833300689691
  y: 64.9375
  z: 108.62515365068015
  yaw: -21.176208
  pitch: 34.88151
