lastAccountName: Qwayaciik
timestamps:
  login: 1510561042572
  logout: 1510561351679
ipAddress: 24.68.213.214
lastlocation:
  world: world2
  x: -267.11037775770205
  y: 68.0
  z: 92.07237953413104
  yaw: 16.096924
  pitch: 13.65
money: '532.0'
logoutlocation:
  world: world
  x: 6749.809256848748
  y: 77.0
  z: -639.9153561691305
  yaw: -316.9485
  pitch: 11.550032
