spawns: 
  default: 
    world: world2
    x: -266.5058208307628
    y: 65.0
    z: 70.52122329693287
    yaw: 0.058744915
    pitch: -0.87930554
