lastAccountName: ElijahBrooks06
timestamps:
  login: 1509908066122
  lastteleport: 1509907802602
  logout: 1509908264867
ipAddress: 134.228.114.66
lastlocation:
  world: world
  x: -1766.699999988079
  y: 10.0
  z: 8282.270027733633
  yaw: -67.798584
  pitch: 19.44923
money: '500.0'
logoutlocation:
  world: world2
  x: -263.9465950039313
  y: 104.0
  z: 187.3725284921782
  yaw: -175.7721
  pitch: 14.131497
