lastAccountName: Wilolino
timestamps:
  login: 1509887731464
  logout: 1509888717742
ipAddress: 155.4.79.67
lastlocation:
  world: world
  x: 13137.366212998915
  y: 68.0
  z: -13159.64161116953
  yaw: -66.01758
  pitch: 9.783166
money: '1169.0'
logoutlocation:
  world: world
  x: 2294.5454264890154
  y: 62.0
  z: 3181.3541423016327
  yaw: 270.81268
  pitch: 65.04712
