lastAccountName: RosettaMoonstar
timestamps:
  login: 1510320013222
  logout: 1510320218390
ipAddress: 24.152.214.58
lastlocation:
  world: world2
  x: -267.11037775770205
  y: 68.0
  z: 92.07237953413104
  yaw: 16.096924
  pitch: 13.65
money: '500.0'
logoutlocation:
  world: world
  x: 3859.2693934621557
  y: 63.0
  z: -9452.125388887747
  yaw: -357.29984
  pitch: 14.699965
