lastAccountName: Moa_Kikuchi
timestamps:
  login: 1509679932146
  logout: 1509680059249
ipAddress: 67.161.60.111
lastlocation:
  world: world2
  x: -267.11037775770205
  y: 68.0
  z: 92.07237953413104
  yaw: 16.096924
  pitch: 13.65
logoutlocation:
  world: world2
  x: -268.28991026875576
  y: 65.0625
  z: 72.06652947509818
  yaw: 14.608734
  pitch: 26.7207
