lastAccountName: sborti
timestamps:
  login: 1510261354909
  logout: 1510261526494
ipAddress: 93.24.101.117
lastlocation:
  world: world2
  x: -267.11037775770205
  y: 68.0
  z: 92.07237953413104
  yaw: 16.096924
  pitch: 13.65
logoutlocation:
  world: world2
  x: -286.29445252925444
  y: 64.9375
  z: 107.67188247128578
  yaw: 37.841553
  pitch: 2.3876953
