lastAccountName: memelord
timestamps:
  login: 1510372809891
  logout: 1510372930140
ipAddress: 66.182.119.22
lastlocation:
  world: world2
  x: -267.11037775770205
  y: 68.0
  z: 92.07237953413104
  yaw: 16.096924
  pitch: 13.65
logoutlocation:
  world: world2
  x: -266.78760390741326
  y: 65.0
  z: 97.07629659389303
  yaw: 275.13425
  pitch: 31.408152
