lastAccountName: creeper2357
timestamps:
  login: 1510440091925
  lastteleport: 1510440520319
  logout: 1510440533218
ipAddress: 73.129.201.52
lastlocation:
  world: world2
  x: -325.3160978482157
  y: 83.0
  z: 171.5189465564042
  yaw: -159.69298
  pitch: 22.800005
logoutlocation:
  world: world2
  x: -266.256077760441
  y: 64.9375
  z: 101.58008552678238
  yaw: -2.0412552
  pitch: 15.320694
