lastAccountName: adamzer0
timestamps:
  login: 1509680770992
  logout: 1509680825621
ipAddress: 73.71.28.198
lastlocation:
  world: world2
  x: -267.11037775770205
  y: 68.0
  z: 92.07237953413104
  yaw: 16.096924
  pitch: 13.65
money: '500.0'
logoutlocation:
  world: world
  x: 8762.483123703098
  y: 64.0
  z: 3982.0775853242676
  yaw: 5.3999987
  pitch: 47.55001
