lastAccountName: Chubby_Chob
timestamps:
  login: 1510228664462
  logout: 1510228853793
ipAddress: 24.238.43.178
lastlocation:
  world: world2
  x: -267.11037775770205
  y: 68.0
  z: 92.07237953413104
  yaw: 16.096924
  pitch: 13.65
logoutlocation:
  world: world2
  x: -219.65549605894222
  y: 82.0
  z: 133.11381223879994
  yaw: -88.83666
  pitch: 12.799173
