lastAccountName: Ambiee
timestamps:
  login: 1510710679749
  logout: 1510710855675
ipAddress: 82.18.107.218
lastlocation:
  world: world2
  x: -267.11037775770205
  y: 68.0
  z: 92.07237953413104
  yaw: 16.096924
  pitch: 13.65
logoutlocation:
  world: world2
  x: -302.65823952431697
  y: 65.0625
  z: 69.39817540605611
  yaw: 350.99628
  pitch: -5.3001747
