lastAccountName: Kalin4o123
timestamps:
  login: 1510589925036
  lastteleport: 1510590368900
  logout: 1510592282557
ipAddress: 46.238.38.11
lastlocation:
  world: world
  x: -8810.565680249436
  y: 63.09375
  z: -7347.463067138739
  yaw: 182.50317
  pitch: 42.770306
money: '869.0'
logoutlocation:
  world: world
  x: 7908.5
  y: 70.0
  z: 4514.5
  yaw: -11.746338
  pitch: 45.621925
