lastAccountName: Moofin420
timestamps:
  login: 1509739311971
  logout: 1509739608252
ipAddress: 104.53.68.45
lastlocation:
  world: world2
  x: -267.11037775770205
  y: 68.0
  z: 92.07237953413104
  yaw: 16.096924
  pitch: 13.65
money: '500.0'
logoutlocation:
  world: world
  x: 9156.998418878948
  y: 28.0
  z: 13288.532826327946
  yaw: 118.46802
  pitch: 1.1799977
