lastAccountName: _Walrus_Knight_
timestamps:
  login: 1509958700941
  logout: 1509958794031
ipAddress: 68.101.250.253
lastlocation:
  world: world2
  x: -267.11037775770205
  y: 68.0
  z: 92.07237953413104
  yaw: 16.096924
  pitch: 13.65
logoutlocation:
  world: world2
  x: -261.11815590128987
  y: 65.0
  z: 89.58165631411636
  yaw: -84.790985
  pitch: 1.9723155
