lastAccountName: Fqtal
timestamps:
  login: 1510030718169
  logout: 1510030802768
ipAddress: 68.45.17.56
lastlocation:
  world: world2
  x: -267.11037775770205
  y: 68.0
  z: 92.07237953413104
  yaw: 16.096924
  pitch: 13.65
logoutlocation:
  world: world2
  x: -271.8598455016112
  y: 65.0
  z: 71.49309147263087
  yaw: -266.22232
  pitch: 8.078585
