lastAccountName: privelegiy
timestamps:
  login: 1510250319944
  lastteleport: 1510250928194
  logout: 1510255272109
ipAddress: 83.253.49.249
lastlocation:
  world: world
  x: -9409.062279376465
  y: 69.0
  z: 1702.3921519746195
  yaw: 273.0072
  pitch: 26.400003
logoutlocation:
  world: world
  x: -9365.181071680163
  y: 145.784054653835
  z: 1723.7918835897833
  yaw: 89.72046
  pitch: 30.149656
money: '10980.0'
