lastAccountName: EmperorSalt
timestamps:
  login: 1510261678184
  logout: 1510262705003
ipAddress: 2.96.157.16
lastlocation:
  world: world2
  x: -290.2478826517418
  y: 64.9375
  z: 96.55070995360074
  yaw: 208.90205
  pitch: 13.803897
money: '500.0'
logoutlocation:
  world: world
  x: 9138.300000011921
  y: 63.0
  z: 10291.185755632698
  yaw: 120.33209
  pitch: 45.03687
