lastAccountName: xder23
timestamps:
  login: 1510187920722
  logout: 1510188022162
ipAddress: 187.39.123.143
lastlocation:
  world: world2
  x: -267.11037775770205
  y: 68.0
  z: 92.07237953413104
  yaw: 16.096924
  pitch: 13.65
logoutlocation:
  world: world2
  x: -284.1928157791125
  y: 64.9375
  z: 111.69977568298927
  yaw: 89.00482
  pitch: 9.600003
money: '320'
