lastAccountName: Adsidas
timestamps:
  login: 1510572430819
  logout: 1510572542423
ipAddress: 88.119.56.193
lastlocation:
  world: world2
  x: -267.11037775770205
  y: 68.0
  z: 92.07237953413104
  yaw: 16.096924
  pitch: 13.65
logoutlocation:
  world: world2
  x: -251.30000001192093
  y: 65.9375
  z: 132.96941595264713
  yaw: -47.66823
  pitch: 34.34148
