lastAccountName: lellelo
timestamps:
  login: 1510255639547
  logout: 1510256325249
  lastteleport: 1509903644942
ipAddress: 217.215.178.17
lastlocation:
  world: world
  x: -2046.1637924285496
  y: 94.0
  z: 8023.032418101711
  yaw: -295.09644
  pitch: 28.636707
logoutlocation:
  world: world2
  x: -266.86862983065856
  y: 65.0625
  z: 85.28455696679609
  yaw: -164.54895
  pitch: 4.2219696
money: '839.0'
