lastAccountName: oisindman
timestamps:
  login: 1510242164406
  logout: 1510242274502
ipAddress: 78.155.229.173
lastlocation:
  world: world2
  x: -267.11037775770205
  y: 68.0
  z: 92.07237953413104
  yaw: 16.096924
  pitch: 13.65
logoutlocation:
  world: world2
  x: -269.93069576425154
  y: 64.9375
  z: 116.361217764564
  yaw: 179.30876
  pitch: 7.5207124
