lastAccountName: ItsGamingSoni
timestamps:
  login: 1510745857805
  logout: 1510746156923
ipAddress: 156.201.5.121
lastlocation:
  world: world2
  x: -267.11037775770205
  y: 68.0
  z: 92.07237953413104
  yaw: 16.096924
  pitch: 13.65
logoutlocation:
  world: world2
  x: -262.3598447307194
  y: 65.0
  z: 89.56337387999984
  yaw: -106.891266
  pitch: 35.270695
