lastAccountName: Twekeee
timestamps:
  login: 1510349759532
  lastteleport: 1510349901169
  logout: 1510351872300
ipAddress: 78.73.46.5
lastlocation:
  world: world2
  x: -262.30228678790616
  y: 65.0
  z: 89.05763417181983
  yaw: -109.12752
  pitch: -11.366075
money: '499.0'
logoutlocation:
  world: world2
  x: -266.5058208307628
  y: 65.0
  z: 70.52122329693287
  yaw: -23.999014
  pitch: 6.8315115
