lastAccountName: elvisgonzalez7
timestamps:
  login: 1509722681074
  logout: 1509722725225
ipAddress: 83.63.219.87
lastlocation:
  world: world2
  x: -267.11037775770205
  y: 68.0
  z: 92.07237953413104
  yaw: 16.096924
  pitch: 13.65
logoutlocation:
  world: world2
  x: -263.4013090025036
  y: 65.0625
  z: 71.78737947263915
  yaw: 16.359663
  pitch: -8.260859
