lastAccountName: KingCactus1
timestamps:
  login: 1510372618424
  logout: 1510372960205
ipAddress: 99.130.83.43
lastlocation:
  world: world2
  x: -267.11037775770205
  y: 68.0
  z: 92.07237953413104
  yaw: 16.096924
  pitch: 13.65
logoutlocation:
  world: world2
  x: -252.85599665332458
  y: 66.0
  z: 120.20332911999165
  yaw: 336.60495
  pitch: 3.0991936
