lastAccountName: SwordTrix
timestamps:
  login: 1510020119623
  logout: 1510020155160
ipAddress: 104.240.98.202
lastlocation:
  world: world2
  x: -267.11037775770205
  y: 68.0
  z: 92.07237953413104
  yaw: 16.096924
  pitch: 13.65
logoutlocation:
  world: world2
  x: -270.6105669852939
  y: 64.9375
  z: 109.41353611800109
  yaw: -342.39114
  pitch: 6.620693
