lastAccountName: BillyBobsButt
timestamps:
  login: 1510447331799
  logout: 1510447482668
ipAddress: 24.78.33.120
lastlocation:
  world: world2
  x: -267.11037775770205
  y: 68.0
  z: 92.07237953413104
  yaw: 16.096924
  pitch: 13.65
money: '500.0'
logoutlocation:
  world: world
  x: 9697.282102347235
  y: 70.0
  z: -2867.3656351611767
  yaw: -180.90016
  pitch: 5.0999885
