lastAccountName: Yorai1212
timestamps:
  login: 1510496171303
  logout: 1510496317071
ipAddress: 109.64.75.25
lastlocation:
  world: world2
  x: -267.11037775770205
  y: 68.0
  z: 92.07237953413104
  yaw: 16.096924
  pitch: 13.65
money: '400.0'
logoutlocation:
  world: world2
  x: -268.2134305129324
  y: 65.0625
  z: 87.9580967203432
  yaw: -9.839111
  pitch: 10.218696
