lastAccountName: OkayAlpaca
timestamps:
  login: 1510424225202
  logout: 1510424263489
ipAddress: 71.11.143.163
lastlocation:
  world: world2
  x: -267.11037775770205
  y: 68.0
  z: 92.07237953413104
  yaw: 16.096924
  pitch: 13.65
logoutlocation:
  world: world2
  x: -266.5
  y: 65.0
  z: 70.5
  yaw: 0.058744915
  pitch: -0.87930554
