lastAccountName: NoiceForever
timestamps:
  login: 1509749335824
  lastteleport: 1509749637831
  logout: 1509749833461
ipAddress: 90.226.181.43
lastlocation:
  world: world
  x: 1784.8527973133566
  y: 63.0
  z: -14332.006388676964
  yaw: -100.41
  pitch: 5.5948224
money: '500.0'
logoutlocation:
  world: world2
  x: -319.34132765504637
  y: 67.0625
  z: 118.00555761932493
  yaw: 67.1048
  pitch: -20.458408
