lastAccountName: cliffy987
timestamps:
  login: 1510400938205
  logout: 1510401010068
ipAddress: 73.143.80.118
lastlocation:
  world: world2
  x: -267.11037775770205
  y: 68.0
  z: 92.07237953413104
  yaw: 16.096924
  pitch: 13.65
logoutlocation:
  world: world2
  x: -280.845085985305
  y: 64.9375
  z: 113.47562350226156
  yaw: -316.73544
  pitch: 2.1002026
