lastAccountName: zedyy
timestamps:
  login: 1510447318048
  logout: 1510447600238
ipAddress: 68.1.106.146
lastlocation:
  world: world2
  x: -267.11037775770205
  y: 68.0
  z: 92.07237953413104
  yaw: 16.096924
  pitch: 13.65
logoutlocation:
  world: world2
  x: -283.9524123086966
  y: 64.9375
  z: 110.57683550876345
  yaw: -65.641045
  pitch: 9.320677
