lastAccountName: Grindstone
timestamps:
  login: 1509680247899
  lastteleport: 1509680291256
  logout: 1509680309356
ipAddress: 75.171.51.119
lastlocation:
  world: world2
  x: -270.38833069333043
  y: 65.0
  z: 72.29432381310747
  yaw: -264.84113
  pitch: -4.3293056
money: '250.0'
homes:
  home:
    world: world
    x: 8859.07227319722
    y: 79.0
    z: 11396.863730308525
    yaw: -116.09399
    pitch: 12.342774
logoutlocation:
  world: world2
  x: -270.38833069333043
  y: 65.0
  z: 72.29432381310747
  yaw: -263.94113
  pitch: -4.1793056
