lastAccountName: iFlexOnChildren
timestamps:
  login: 1510187389233
  logout: 1510187561929
ipAddress: 98.244.145.191
lastlocation:
  world: world2
  x: -267.11037775770205
  y: 68.0
  z: 92.07237953413104
  yaw: 16.096924
  pitch: 13.65
money: '494'
logoutlocation:
  world: world2
  x: -223.56771172716435
  y: 82.0
  z: 133.48151300094452
  yaw: 22.350885
  pitch: 1.8024837
