lastAccountName: Ore_
timestamps:
  login: 1510184702183
  logout: 1510184745395
ipAddress: 130.111.84.148
lastlocation:
  world: world2
  x: -267.11037775770205
  y: 68.0
  z: 92.07237953413104
  yaw: 16.096924
  pitch: 13.65
logoutlocation:
  world: world2
  x: -260.91711884153545
  y: 65.0
  z: 89.70553117634283
  yaw: -92.02718
  pitch: -5.8839765
